,name,price,volume_24h,percent_change_1h,percent_change_24h,percent_change_7d,percent_change_30d,percent_change_60d,percent_change_90d,market_cap,last_updated
0,Bitcoin,57499.60659745897,41242408003.87539,-0.18334857,-0.65237264,14.73991253,-2.68098018,17.90366449,75.19951501,1075039554761.9806,2021-05-02T01:25:02.000Z
1,Ethereum,2939.9093560957285,28542843562.19762,-0.02703744,6.36243556,31.50148348,48.87172633,94.19230271,126.60460051,340151354407.6313,2021-05-02T01:25:02.000Z
2,Binance Coin,618.7060962799687,4043465803.5892205,-0.99330412,-0.36823129,24.59161598,77.51955032,156.2584668,1302.82987151,94929868743.79652,2021-05-02T01:24:15.000Z
3,XRP,1.62152252873955,8078036934.633328,-0.34294401,2.81680375,53.63421183,178.30056809,270.41679885,236.85178707,73623655335.29576,2021-05-02T01:25:03.000Z
4,Tether,1.00010772100985,93118792380.15543,0.02295318,0.00456239,0.01702211,-0.03238953,-0.07482035,-0.09940455,51787567859.12046,2021-05-02T01:24:15.000Z
5,Dogecoin,0.39013738724043,10716241655.079172,-1.46860786,17.09778184,40.61543729,559.68174116,670.50149858,948.30653705,50491483193.00583,2021-05-02T01:25:03.000Z
6,Cardano,1.33946869615527,1948701648.1303227,-0.36704242,0.05763209,20.72311475,12.684166,8.22073416,292.01321255,42793760390.963554,2021-05-02T01:24:18.000Z
7,Polkadot,36.78363851333311,1548789413.7397256,-0.03849466,0.66946562,25.0813898,-1.85643938,-1.46193209,130.26103698,34368745915.80655,2021-05-02T01:25:07.000Z
8,Uniswap,40.29727549858988,758463590.7010694,0.84436931,0.21290312,32.16726567,40.03197093,55.23838504,131.29036793,21090959057.1981,2021-05-02T01:24:16.000Z
